Bread         |25432| 456485456| 50
Coffee        |93232| 124523529| 50
Milk          |25432| 782415685| 88
Beer          |93232| 251584235| 79
Sugar         |25432| 458525557| 65
Beans         |93232| 515585968| 12
Toilet-Paper  |25432| 548798989| 89
Washing-powder|93232| 548778847| 68
Soap          |11221| 554245588| 4
Bourbon       |11221| 148776778| 11
Mackerel	  |11221| 558855244| 78
Beetroot	  |11221| 784148885| 88
Blueberry     |11221| 587874444| 55
Oranges		  |11221| 888555574| 66
Bananas		  |11221| 999997725| 89
Lettuce		  |11221| 666668556| 24